18700179
19830192
22777357
26130439
26236297
31181933
57312373
60884660
61491063
64043222
76171364
83418822
90173662
106854475
107349209
108495551
126686452
128230583
132862718
136938865
138043711
141032688
143647121
147486035
151247772
175565234
194267973
198928371
202088983
203123061
208021830
215232766
217726465
221794718
227190788
240106106
254090861
256194094
258984056
259114242
259170311
261916992
262925925
263302314
264335744
268652529
273805811
277257682
278804607
280321853
281947668
287523691
290395902
294888826
294983776
296626880
297788530
299734225
300779094
306641975
308067883
308807783
317699146
330293978
331154910
332336903
358351814
359418279
373042490
374560762
374730247
388817404
389296877
391092305
394635160
396129308
397332656
411865139
419361240
433694662
437714631
445148404
449905066
484627171
490493102
492663766
501353824
509318409
509627786
528031170
539547687
540880157
550543245
563368750
563705020
569610726
579036525
582489452
582496416
587612390
596944780
604430505
604619903
609671397
610889194
614211759
616976995
621287526
621891286
626506929
628082508
648054057
648618503
650569438
655243550
656945421
658086039
659338588
659747924
661448888
662175523
676832923
680862381
691978365
697595439
699033814
720632584
723815012
730599208
733361404
735237547
739091661
739135655
742146323
744275618
746800377
761884854
763301342
770081623
772950171
773767865
776781066
779496179
783087456
787647542
796762990
805996282
814685969
823067458
823863381
830314049
830676760
839867572
840712381
841473508
850506953
860996494
882360899
891928556
898312206
899536339
900626562
902964572
903434493
907749523
913495364
919560955
930260237
946548662
947113491
947196319
962888109
979746826
991700430
996017773
1005800705
1006273872
1016191078
1016349343
1016798600
1017553805
1020995110
1021229048
1024159192
1031195155
1035762536
1036982638
1039575957
1040132061
1053191493
1054843447
1079777052
1087549063
1091837844
1094295011
1098003604
1098749650
1099826974
1113749739
1114064165
1132235064
1148550983
1150071301
1155298128
1155871735
1162261736
1175256666
1190408419
1194403538
1196448837
1202329482
1210076468
1214119319
1219986689
1232513014
1234332911
1241781046
1245702774
1256187174
1264367287
1266868707
1267167803
1267206508
1274097102
1274926401
1278108071
1289531396
1298393734
1300333399
1307012315
1321523625
1340911155
1341068136
1344112796
1352840512
1355267122
1359770962
1361668726
1363713687
1382241544
1397777908
1407085812
1420284161
1428114682
1429271410
1434240722
1441197964
1441203243
1460237418
1477200384
1479008237
1479820510
1497708416
1498339898
1518458148
1521022147
1529123501
1529347863
1549025680
1554038935
1568994184
1569815228
1576838844
1586923871
1587785932
1589766243
1595222225
1595723604
1606906967
1612873701
1626485259
1627858144
1628516568
1633576773
1634990376
1640645380
1644838257
1646336717
1653184691
1657701320
1662054835
1664507636
1679576098
1696166890
1699094228
1700996560
1701857492
1710820502
1711192326
1716431512
1720195659
1723694020
1727762018
1742865966
1746849966
1747974204
1750486131
1756085777
1768851170
1778234197
1799159182
1799886056
1806262551
1808237373
1812970902
1814506973
1819037331
1826904224
1831607341
1843503049
1844537127
1857640715
1860691683
1880836923
1899307781
1900322609
1903269603
1904616175
1922068170
1927764942
1929507361
1935584493
1936638976
1941113600
1945210604
1947386447
1947480724
1955313196
1956156065
1959319268
1960392055
1960823468
1963462834
1982958855
1991424721
1995662546
2000530524
2005805081
2013501990
2022011629
2033652851
2035497895
2040935668
2045592033
2053147140
2061552806
2073283570
2082792167
2090913174
2097746821
2110133792
2118298896
2124287440
2135293213
2137085316
2137689076
2146449570
2146879888
